20160406 80859097 80000000
20160407 81061197 80000000
20160408 81078497 80000000
20160411 81979097 80000000
20160412 81983897 80000000
20160414 82686897 80000000
20160415 82689597 80000000
20160418 82651997 80000000
20160419 81189232 80000000
20160420 83945155 80000000
20160421 84735675 80000000
20160422 84061815 80000000
20160425 83741815 80000000
20160426 83286815 80000000
20160427 82806005 80000000
20160428 82401115 80000000
20160429 83076115 80000000
20160502 81874055 80000000
20160503 80989465 80000000
20160504 79189465 80000000
20160509 78612039 80000000
20160510 80877594 80000000
20160511 79847594 80000000
20160512 80242594 80000000
20160513 80067594 80000000
20160516 80112594 80000000
20160517 79074800 80000000
20160518 78266352 80000000
20160519 77691840 80000000
20160520 79338067 80000000
20160523 78998067 80000000
20160524 78128067 80000000
20160525 79971015 80000000
20160526 80771815 80000000
20160527 82448185 80000000
20160530 81628185 80000000
20160531 81848185 80000000
20160601 86138423 80000000
20160602 86668423 80000000
20160603 87110545 80000000
20160607 87290545 80000000
20160608 86630545 80000000
20160609 89541055 80000000
20160610 89241055 80000000
20160613 87640885 80000000
20160614 86920885 80000000
20160615 88018756 80000000
20160616 88556313 80000000
20160617 88564313 80000000
20160620 88586942 80000000
20160621 88574942 80000000
20160622 88569442 80000000
20160623 88821842 80000000
20160624 89015869 80000000
20160627 89187169 80000000
20160628 88579169 80000000
20160629 89038169 80000000
20160630 89445169 80000000
20160701 89263169 80000000
20160704 89613589 80000000
20160705 89203589 80000000
20160706 88263579 80000000
20160707 88578579 80000000
20160708 89364405 80000000
20160711 89552577 80000000
20160712 90039679 80000000
20160713 90225934 80000000
20160714 90448636 80000000
20160715 85325636 80000000
20160718 84780399 80000000
20160719 83020399 80000000
20160720 83400399 80000000
20160721 83720399 80000000
20160722 83880399 80000000
20160725 83980399 80000000
20160726 85040399 80000000
20160727 86660399 80000000
20160728 87700399 80000000
20160729 86940399 80000000
20160801 87240399 80000000
20160802 86220399 80000000
20160803 85227299 80000000
20160804 84752299 80000000
20160805 86605299 80000000
20160808 86710299 80000000
20160809 86602299 80000000
20160810 86629299 80000000
20160811 87700163 80000000
20160812 88240163 80000000
